2.741625 3.468588 2.737289 3.437052 3.481439
4.142045 3.884588 4.186439 2.545135 2.781092
2.290096 3.120561 2.645113 3.012409 3.887164
2.541189 4.842087 2.348822 2.944726 2.984586
3.719702 2.415836 3.060126 2.524328 2.423904
3.304119 3.858043 2.964164 3.431109 2.541137
3.399808 4.549846 3.61358 2.351232 2.487019
2.955734 3.437437 3.58233 4.269816 2.784409
2.920296 2.6166 3.50049 2.512585 3.946444
2.489067 3.168522 2.258507 3.051919 2.522431
3.767 2.606262 3.384575 2.51046 3.539232
3.130048 3.573304 3.074645 3.400456 3.102742
3.082127 3.494511 3.346221 2.589146 3.654035
4.249927 3.432871 2.880059 3.221713 2.234747
2.821397 2.994131 3.878671 4.994593 4.480904
3.26866 3.443724 3.106759 4.104515 2.458859
2.785414 2.472874 2.748546 3.653745 3.723043
3.341698 4.124743 3.797786 3.127459 3.563421
5.491025 2.4398 2.487092 2.79844 2.904693
2.814614 4.644127 4.293569 3.128335 3.413405
3.254846 2.895076 3.634605 3.757378 3.520687
3.591157 2.952082 2.728985 3.161745 2.534917
