-1.194265 2.556623 0.03668575 1.222469 -0.7928306
-1.288062 2.397699 -0.6859797 -0.5661628 0.368972
0.00532502 -1.344413 -1.082892 0.6028355 -1.367742
0.07776785 2.042328 1.519044 -1.381462 0.05619054
-2.20644 -0.3690536 2.124143 -0.5159008 1.059691
-0.6024093 -0.4603921 -0.2085775 0.3540982 -0.5255048
0.1674537 -0.6296875 1.392984 0.139817 -0.7358951
-1.718044 0.6405524 0.1838564 0.1918553 1.195312
2.002471 0.8481727 0.3694136 0.6730627 -0.1687093
-0.5263425 1.399234 1.948449 -0.9746883 0.01971079
-1.261343 0.7140017 -0.6536442 -0.05814926 0.8278843
-0.5935857 -2.83163 -2.32838 1.153533 0.6185554
0.01636768 -0.4399552 0.6887157 1.020487 0.2598137
0.4021055 -0.152659 0.09715423 -0.3289974 -0.1986344
1.5117 -0.1760605 0.4717981 -0.07833324 -0.2781721
-0.6146445 -1.548449 0.4219141 0.5543514 0.1714444
0.3590478 1.639307 -0.4599198 -0.239527 -1.819501
2.044076 0.8464713 0.1050148 0.7036892 0.6880883
0.5588879 1.163575 -1.069361 -0.3120406 -1.878049
0.6139827 0.3181945 0.1876056 0.004583574 0.6173429
2.653383 -0.6909645 -0.3656135 -0.9778081 -0.8627781
0.05679946 -0.9910313 0.7153448 1.30617 0.262105
0.3684895 0.4122143 -1.312456 0.2079922 -1.586965
-0.3544944 -1.721264 -0.744499 2.448879 0.03536431
