1.295204 0.1949137 0.0004468899 1.468484 0.5921822
1.406075 1.721312 1.264217 3.243737 -0.5700105
2.294479 1.669958 -0.2884764 1.177576 1.716939
1.60372 0.6343869 0.408322 1.348918 -0.1158676
9.214139 11.88519 2.681891 9.870054 8.74764
5.90405 7.009967 6.82836 12.26931 10.69342
6.723393 6.511057 5.625906 6.844951 5.859457
12.13498 12.53834 7.536565 8.499505 8.688836
3.01241 10.23379 3.880705 13.24271 2.898926
10.0748 17.02037 11.71961 2.589504 4.782625
4.8993 3.829311 13.82722 2.661705 5.796736
9.019754 11.26964 11.46763 8.896673 16.02461
5.497825 12.72598 2.382632 8.225392 7.938296
6.591757 2.907925 11.48403 6.005492 4.606298
8.667425 20.95562 3.764489 5.061099 8.428012
1.033169 7.308433 4.718644 11.8856 9.947558
0.8874978 4.562078 4.998245 6.387629 4.452572
10.78441 8.413037 6.977893 7.872701 4.02162
