0.1179716 0.0889383 0.07269391 0.3559001 0.7436488
0.8096154 0.92009 1.783313 0.08315821 0.1346972
0.1439814 0.1952624 0.1153489 0.5165698 1.391236
0.7191496 0.06224621 0.06098578 0.1637539 0.09002986
0.7041367 0.256153 0.09080731 0.4572067 0.3660748
0.0938275 1.360091 0.2634372 0.07325524 0.2380541
0.1268072 0.6084285 1.582256 0.1601023 0.6048296
1.847089 0.1263459 0.08976909 0.8337464 0.2726349
0.7011701 0.7778333 1.684315 0.2186397 0.03724094
1.18832 0.03913782 0.4903583 0.6939979 0.01686381
0.4493628 0.9876004 0.8036234 0.3316056 1.038165
0.04397891 0.2148612 0.2879877 0.4573649 0.04500338
